Establecimiento,Instituto de salud pública,Hospitales público,Privados,Instituto de salud pública,Hospitales público,Privados,Total realizados,Total informados ultimo dia
Examenes,realizados,realizados,realizados,informados ultimo dia,informados ultimo dia,informados ultimo dia,realizados,informados ultimo dia
2020-03-25,,,,,,,,3290.0
2020-03-26,,,,,,,,4886.0
2020-03-27,,,,,,,,7387.0
2020-03-28,,,,,,,,3534.0
2020-03-29,,,,,,,,1777.0
2020-03-30,,,,,,,,3680.0
2020-03-31,,,,,,,,3046.0
2020-04-01,,,,,,,,2898.0
2020-04-02,,,,,,,,2685.0
2020-04-03,,,,,,,,3405.0
2020-04-04,,,,,,,,4483.0
2020-04-05,,,,,,,,3343.0
2020-04-06,,,,,,,,2908.0
2020-04-07,,,,,,,,2258.0
2020-04-08,,,,,,,,3269.0
2020-04-09,9597,34874,23882,605,3420,3937,68353,7962
2020-04-10,10056,37086,25655,459,2212,1773,72797,4444
2020-04-11,10424,39078,26872,368,1992,1217,76374,3577
2020-04-12,10646,42035,29590,222,2957,2718,82271,5897
2020-04-13,10861,43624,30550,215,1589,960,85035,2764
2020-04-14,11007,45265,31522,146,1641,972,87794,2759
2020-04-15,11186,46889,33798,179,1624,2276,91873,4079
2020-04-16,11446,50837,36141,260,3948,2343,98424,6551
2020-04-17,11704,53258,38911,258,2421,2770,103873,5449
2020-04-18,12063,56358,40470,359,3100,1559,108891,5018
2020-04-19,12248,58578,42823,185,2220,2353,113649,4758
2020-04-20,12609,61640,44578,361,3062,1755,118827,5178
2020-04-21,12838,63919,45600,229,2279,1022,122357,3530
2020-04-22,13087,67290,48345,249,3371,2745,128722,6365
2020-04-23,13420,70854,50873,333,3564,2528,135147,6425
2020-04-24,13763,74609,53895,343,3755,3022,142267,7120
2020-04-25,14130,78360,56722,367,3751,2827,149212,6945
2020-04-26,14381,81708,59886,251,3348,3164,155975,6763
2020-04-27,14623,84556,62056,242,2848,2170,161235,5260
2020-04-28,14896,87485,63784,273,2929,1728,166165,4930
2020-04-29,15239,90218,67162,343,2733,3378,172619,6454
2020-04-30,15681,93626,71210,442,3408,4048,180517,7898
2020-05-01,16144,97378,75911,463,3752,4701,189433,8916
2020-05-02,16680,101519,81201,536,4141,5290,199400,9967
2020-05-03,17229,105222,83767,549,3703,2566,206218,6818
2020-05-04,17669,109158,87304,440,3936,3537,214131,7913
2020-05-05,18206,112939,90950,537,3781,3646,222095,7964
2020-05-06,18636,117156,96316,430,4217,5366,232108,10013
2020-05-07,19836,121905,102485,1200,4749,6169,244226,12118
2020-05-08,20472,126551,108938,636,4646,6453,255961,11735
2020-05-09,21276,131117,115511,804,4566,6573,267904,11943
2020-05-10,21878,137284,121522,602,6167,6011,280684,12780
2020-05-11,22461,142795,128801,583,5511,7279,294057,13373
2020-05-12,23542,146747,133051,1081,3952,4250,303340,9283
2020-05-13,24239,150570,138941,697,3823,5890,313750,10410
2020-05-14,25330,155863,144224,1091,5293,5118,325417,11502
2020-05-15,26266,162975,152271,936,7112,8047,341512,16095
2020-05-16,27511,166097,156717,1245,3122,4446,350325,8813
2020-05-17,28860,172275,162361,1349,6178,5644,363496,13171
2020-05-18,29789,179351,171871,929,7076,9510,381011,17515
2020-05-19,31366,186696,179138,1577,7345,7267,397200,16189
2020-05-20,33072,192548,184049,1706,5852,4911,409669,12469
2020-05-21,34455,198250,193298,1383,5702,9249,426003,16334
2020-05-22,35392,203858,202843,937,5608,9545,442093,16090
2020-05-23,36886,209406,211040,1494,5548,8197,457332,15239
2020-05-24,38155,213785,219818,1269,4379,8778,471758,14426
2020-05-25,39599,219739,228703,1444,5954,8885,488041,16283
2020-05-26,40950,224214,235961,1351,4562,7171,501125,13084
2020-05-27,41870,229125,243528,920,4911,7567,514523,13398
2020-05-28,42803,235326,252044,933,6201,8516,530173,15650
2020-05-29,44224,241466,260816,1421,6140,8772,546506,16333
2020-05-30,45509,248018,269793,1285,6552,8977,563320,16814
2020-05-31,46528,254646,281266,1019,6628,11473,582440,19120
2020-06-01,48592,260086,290652,2064,5440,9386,599330,16890
2020-06-02,49786,264404,298582,1194,5247,7001,612772,13442
2020-06-03,50919,270253,307146,1133,5849,8564,628318,15546
2020-06-04,51743,276926,317789,824,6673,10643,646458,18140
2020-06-05,53304,284378,330874,1559,7471,12750,668556,21780
2020-06-06,54505,292490,340515,1201,8112,9641,687510,18954
2020-06-07,55692,299684,353397,1189,7194,12882,708773,21265
2020-06-08,57398,305765,365652,1704,6081,12255,728815,20040
2020-06-09,58325,312201,376066,927,6436,10414,746592,17777
2020-06-10,59330,318602,383135,1007,6401,7069,761067,14477
2020-06-11,60453,326380,394210,1123,7778,11075,781043,19976
2020-06-12,61170,333628,404978,717,7248,10768,799776,18733
2020-06-13,62467,341111,416421,1297,7483,11443,819999,20223
2020-06-14,63387,348381,428382,920,7270,11961,840150,20151
2020-06-15,64771,355258,438929,1384,6877,10547,858958,18808
2020-06-16,65204,361854,446475,433,6596,7546,873533,14575
2020-06-17,65939,367978,452252,735,6124,5777,886169,12636
2020-06-18,66540,374738,461888,601,6760,9636,903166,16997
2020-06-19,67421,382321,473771,881,7583,11883,923513,20347
2020-06-20,68346,389568,485679,925,7247,11908,943593,20080
2020-06-21,69168,397479,497061,822,7911,11382,963708,20115
2020-06-22,70175,405138,507040,1007,7659,9979,982353,18645
2020-06-23,70727,411631,512702,552,6493,5662,995060,12707
2020-06-24,71275,416956,519404,548,5325,6702,1007635,12575
2020-06-25,72011,423720,529350,736,7216,9494,1025081,17446
2020-06-26,72641,431617,539072,630,7897,9722,1043330,18249
2020-06-27,73209,439281,548784,568,7664,9712,1061274,17944
2020-06-28,74036,447182,558426,827,7901,9642,1079644,18370
2020-06-29,74862,454078,567503,826,6896,9077,1096443,16799
2020-06-30,75415,460155,574222,553,6077,6719,1109792,13349
2020-07-01,75809,465774,578594,394,5619,4372,1120177,10385
2020-07-02,76244,471063,583701,435,5289,5107,1131008,10831
2020-07-03,76796,477982,591815,552,6919,8114,1146593,15585
2020-07-04,77393,485269,601218,597,7287,9403,1163880,17287
2020-07-05,78215,492627,611042,822,7358,9824,1181884,18004
2020-07-06,79041,500559,618661,826,7932,7619,1198261,16377
2020-07-07,79409,506565,624352,368,6006,5691,1210326,12065
2020-07-08,79684,511985,629121,275,5420,4769,1220790,10464
2020-07-09,80417,518874,638341,733,6889,9220,1237632,16842
2020-07-10,81052,526703,647604,635,7829,9263,1255359,17727
2020-07-11,81793,534930,656904,741,8227,9300,1273627,18268
2020-07-12,82433,543184,667181,640,8254,10277,1292798,19171
2020-07-13,83616,550717,675932,1183,7533,8751,1310265,17467
2020-07-14,84143,557367,680993,527,6650,5061,1322503,12238
2020-07-15,84710,564369,685633,567,7002,4640,1334712,12209
2020-07-16,85581,571782,694541,871,7413,8908,1351904,17192
2020-07-17,86492,579948,704163,911,8166,9622,1370603,18699
2020-07-18,87217,588351,712751,725,8403,8588,1388319,17716
2020-07-19,87677,596739,719631,460,8388,6880,1404047,15728
2020-07-20,88503,604778,727109,826,8039,7478,1420390,16343
2020-07-21,88962,611609,732409,459,6831,5300,1432980,12590
2020-07-22,89509,617998,738266,547,6389,5857,1445773,12793
2020-07-23,90125,626377,748138,616,8379,9872,1464640,18867
2020-07-24,90780,636255,758676,655,9878,10538,1485711,21071
2020-07-25,91230,645358,768256,450,9103,9580,1504844,19133
2020-07-26,91743,654720,778090,513,9362,9834,1524553,19709
2020-07-27,92606,666191,787300,863,11471,9210,1546097,21544
2020-07-28,92818,676780,794095,212,10589,6795,1563693,17596
2020-07-29,93701,686355,800767,883,9575,6672,1580823,17130
2020-07-30,94123,696320,810675,422,9965,9908,1601118,20295
2020-07-31,94987,707399,821606,864,11079,10931,1623992,22874
2020-08-01,95540,720212,832638,553,12813,11032,1648390,24398
2020-08-02,96347,731976,844966,807,11764,12328,1673289,24899
2020-08-03,97162,744034,856362,815,12058,11396,1697558,24269
2020-08-04,97575,755525,863315,413,11491,6953,1716415,18857
2020-08-05,98352,764817,874644,777,9292,11329,1737813,21398
2020-08-06,98814,776247,885554,462,11430,10910,1760615,22802
2020-08-07,99472,788574,897812,658,12327,12258,1785858,25243
2020-08-08,100574,801828,910493,1102,13254,12681,1812895,27037
2020-08-09,101776,816081,923498,1202,14253,13005,1841355,28460
2020-08-10,102594,829763,935010,818,13682,11512,1867367,26012
2020-08-11,103063,841809,944744,469,12046,9734,1889616,22249
2020-08-12,103880,852477,952607,817,10668,7863,1908964,19348
2020-08-13,104279,865041,963272,399,12564,10665,1932592,23628
2020-08-14,105153,877972,977085,874,12931,13813,1960210,27618
2020-08-15,106344,891892,990473,1191,13920,13388,1988709,28499
2020-08-16,107506,907035,1005050,1162,15143,14577,2019591,30882
2020-08-17,108519,921466,1014895,1013,14431,9845,2044880,25289
2020-08-18,108889,934371,1024819,370,12905,9924,2068079,23199
2020-08-19,109423,944703,1033228,534,10332,8409,2087354,19275
2020-08-20,109885,958540,1045207,462,13837,11979,2113632,26278
2020-08-21,110515,972646,1059140,630,14106,13933,2142301,28669
2020-08-22,111607,987423,1072998,1092,14777,13858,2172028,29727
2020-08-23,112240,1003743,1088026,633,16320,15028,2204009,31981
2020-08-24,113178,1018937,1099348,938,15194,11322,2231463,27454
2020-08-25,113515,1032269,1110182,337,13332,10834,2255966,24503
2020-08-26,114221,1042411,1119591,706,10142,9409,2276223,20257
2020-08-27,114787,1055433,1133022,566,13022,13431,2303242,27019
2020-08-28,115649,1071583,1146284,862,16150,13262,2333516,30274
2020-08-29,116258,1088083,1161412,609,16500,15128,2365753,32237
2020-08-30,117164,1104660,1178698,906,16577,17286,2400522,34769
2020-08-31,118167,1121321,1192948,1003,16661,14250,2432436,31914
2020-09-01,118556,1133823,1206383,389,12502,13435,2458762,26326
2020-09-02,119090,1144529,1217889,534,10706,11506,2481508,22746
2020-09-03,119610,1157444,1231696,520,12915,13807,2508750,27242
2020-09-04,120426,1172733,1247559,816,15289,15863,2540718,31968
2020-09-05,121576,1189795,1263942,1150,17062,16383,2575313,34595
2020-09-06,122579,1206512,1281511,1003,16717,17569,2610602,35289
2020-09-07,123747,1222562,1295280,1168,16050,13769,2641589,30987
2020-09-08,124211,1236068,1309290,464,13506,14010,2669569,27980
2020-09-09,124623,1246782,1319969,412,10714,10679,2691374,21805
2020-09-10,125066,1260155,1334466,443,13373,14497,2719687,28313
2020-09-11,125729,1276960,1351080,663,16805,16614,2753769,34082
2020-09-12,126799,1294781,1370251,1070,17821,19171,2791831,38062
2020-09-13,128002,1312908,1387219,1203,18127,16968,2828129,36298
2020-09-14,129012,1328248,1403446,1010,15340,16227,2860706,32577
2020-09-15,129480,1341777,1416646,468,13529,13200,2887903,27197
2020-09-16,130391,1351777,1428837,911,10000,12191,2911005,23102
2020-09-17,130994,1366470,1445187,603,14693,16350,2942651,31646
2020-09-18,131809,1383142,1460940,815,16672,15753,2975891,33240
2020-09-19,132947,1399809,1477957,1138,16667,17017,3010713,34822
2020-09-20,133811,1413471,1491051,864,13662,13094,3038333,27620
2020-09-21,134049,1422400,1498706,238,8929,7655,3055155,16822
2020-09-22,134473,1429616,1504455,424,7216,5749,3068544,13389
2020-09-23,135234,1437794,1511089,761,8178,6634,3084117,15573
2020-09-24,135826,1451167,1526202,592,13373,15113,3113195,29078
2020-09-25,136426,1469464,1544958,600,18297,18756,3150848,37653
2020-09-26,137756,1487645,1563608,1330,18181,18650,3189009,38161
2020-09-27,137756,1506472,1584186,0,18827,20578,3228414,39405
2020-09-28,140625,1525015,1600247,2869,18543,16061,3265887,37473
2020-09-29,141568,1538745,1614493,943,13730,14246,3294806,28919
2020-09-30,142333,1550648,1629334,765,11903,14841,3322315,27509
2020-10-01,142665,1566162,1647021,332,15514,17687,3355848,33533
2020-10-02,143739,1584668,1666115,1074,18506,19094,3394522,38674
2020-10-03,144917,1601190,1684113,1178,16522,17998,3430220,35698
2020-10-04,145849,1618928,1701776,932,17738,17663,3466553,36333
2020-10-05,146565,1635505,1720681,716,16577,18905,3502751,36198
2020-10-06,147161,1648228,1733678,596,12723,12997,3529067,26316
2020-10-07,147530,1657749,1743494,369,9521,9816,3548773,19706
2020-10-08,149051,1672841,1759835,1521,15092,16341,3581727,32954
2020-10-09,149949,1689896,1778174,898,17055,18339,3618019,36292
2020-10-10,151041,1707125,1795875,1092,17229,17701,3654041,36022
2020-10-11,151942,1725237,1816073,901,18112,20198,3693252,39211
2020-10-12,152730,1742216,1834213,788,16979,18140,3729159,35907
2020-10-13,153452,1754978,1846332,722,12762,12119,3754762,25603
2020-10-14,153728,1763218,1855167,276,8240,8835,3772113,17351
2020-10-15,154175,1772311,1863632,447,9093,8465,3790118,18005
2020-10-16,154594,1786247,1880365,419,13936,16733,3821206,31088
2020-10-17,155436,1804134,1898250,842,17887,17885,3857820,36614
2020-10-18,155954,1821994,1916993,518,17860,18743,3894941,37121
2020-10-19,156701,1839004,1933907,747,17010,16914,3929612,34671
2020-10-20,156940,1852188,1946215,239,13184,12308,3955343,25731
2020-10-21,157270,1861631,1955288,330,9443,9073,3974189,18846
2020-10-22,157885,1876794,1971244,615,15163,15956,4005923,31734
2020-10-23,158438,1895630,1989214,553,18836,17970,4043282,37359
2020-10-24,159354,1914613,2007111,916,18983,17897,4081078,37796
2020-10-25,160085,1933048,2026418,731,18435,19307,4119551,38473
2020-10-26,161049,1950865,2045469,964,17817,19051,4157383,37832
2020-10-27,161049,1961999,2054347,0,11134,8878,4177395,20012
2020-10-28,161491,1972812,2064914,442,10813,10567,4199217,21822
2020-10-29,162275,1988419,2081929,784,15607,17015,4232623,33406
2020-10-30,163015,2005515,2100973,740,17096,19044,4269503,36880
2020-10-31,163788,2023476,2121497,773,17961,20524,4308761,39258
2020-11-01,164666,2042670,2142577,878,19194,21080,4349913,41152
2020-11-02,165479,2060677,2160017,813,18007,17440,4386173,36260
2020-11-03,165917,2073143,2170767,438,12466,10750,4409827,23654
2020-11-04,166072,2081206,2180580,155,8063,9813,4427858,18031
2020-11-05,166212,2097723,2198151,140,16517,17571,4462086,34228
2020-11-06,167081,2116571,2218927,869,18848,20776,4502579,40493
2020-11-07,167707,2133905,2240257,626,17334,21330,4541869,39290
2020-11-08,168052,2152585,2263303,345,18680,23046,4583940,42071
2020-11-09,169128,2168775,2283368,1076,16190,20065,4621271,37331
2020-11-10,169470,2181685,2294047,342,12910,10679,4645202,23931
2020-11-11,169562,2190889,2306899,92,9204,12852,4667350,22148
2020-11-12,169878,2207567,2325613,316,16678,18714,4703058,35708
2020-11-13,170466,2225518,2345357,588,17951,19744,4741341,38283
2020-11-14,171426,2244322,2366115,960,18804,20758,4781863,40522
2020-11-15,172268,2262262,2388147,842,17940,22032,4822677,40814
2020-11-16,173002,2278438,2408566,734,16176,20419,4860006,37329
2020-11-17,173120,2290557,2419032,118,12119,10466,4882709,22703
2020-11-18,173413,2299762,2429759,293,9205,10727,4902934,20225
2020-11-19,173653,2315711,2448884,240,15949,19125,4938248,35314
2020-11-20,174725,2334251,2468502,1072,18540,19618,4977478,39230
2020-11-21,175655,2352125,2489284,930,17874,20782,5017064,39586
2020-11-22,176667,2370157,2510274,1012,18032,20990,5057098,40034
2020-11-23,177167,2387974,2530335,500,17817,20061,5095476,38378
2020-11-24,177388,2400343,2540505,221,12369,10170,5118236,22760
2020-11-25,177662,2410018,2550936,274,9675,10431,5138616,20380
2020-11-26,178342,2426440,2570013,680,16422,19077,5174795,36179
2020-11-27,178884,2445085,2589752,542,18645,19739,5213721,38926
2020-11-28,179613,2463889,2609681,729,18804,19929,5253183,39462
2020-11-29,180534,2483107,2632316,921,19218,22635,5295957,42774
2020-11-30,181226,2500868,2651359,692,17761,19043,5333453,37496
2020-12-01,181654,2512735,2662744,428,11867,11385,5357133,23680
2020-12-02,181950,2522401,2674382,296,9666,11638,5378733,21600
2020-12-03,182382,2538734,2693679,432,16333,19297,5414795,36062
2020-12-04,182972,2556457,2716007,590,17723,22328,5455436,40641
2020-12-05,183900,2574409,2737288,928,17952,21281,5495597,40161
2020-12-06,184574,2593191,2760009,674,18782,22721,5537774,42177
2020-12-07,185107,2610349,2781061,533,17158,21052,5576517,38743
2020-12-08,185633,2625590,2793479,526,15241,12418,5604702,28185
2020-12-09,185992,2636151,2804751,359,10561,11272,5626894,22192
2020-12-10,186331,2651628,2821444,339,15477,16693,5659403,32509
2020-12-11,186846,2664552,2835548,515,12924,14104,5686946,27543
2020-12-12,187668,2682520,2857117,822,17968,21569,5727305,40359
2020-12-13,188325,2702195,2884785,657,19729,27668,5775305,48054
2020-12-14,189239,2722642,2910300,914,20447,25515,5822181,46876
2020-12-15,189526,2737927,2924210,287,15285,13910,5851663,29482
2020-12-16,189928,2749692,2937942,402,11765,13732,5877562,25899
2020-12-17,190601,2767228,2959794,673,17536,21852,5917623,40061
2020-12-18,191365,2788018,2985774,764,20790,25980,5965157,47534
2020-12-19,192591,2807851,3011441,1226,19833,25667,6011883,46726
2020-12-20,193285,2830781,3038102,694,22930,26661,6062168,50285
2020-12-21,194392,2850599,3062870,1107,19818,24768,6107861,45693
2020-12-22,194767,2866589,3076410,375,15990,13540,6137766,29905
2020-12-23,195272,2881430,3092298,505,14841,15888,6169000,31234
2020-12-24,195659,2900497,3117148,387,19067,24850,6213304,44304
2020-12-25,196625,2920925,3143765,966,20428,26617,6261315,48011
2020-12-26,197138,2942193,3170257,513,21268,26492,6309588,48273
2020-12-27,197432,2958646,3180807,294,16453,10550,6336885,27297
2020-12-28,198395,2969883,3192098,963,11237,11291,6360376,23491
2020-12-29,198584,2980024,3204158,189,10141,12060,6382766,22390
2020-12-30,199177,2990149,3219532,593,10125,15374,6408858,26092
2020-12-31,199645,3008869,3242914,468,18720,23382,6451428,42570
2021-01-01,200412,3031641,3269958,767,22772,27044,6502011,50583
2021-01-02,201119,3052643,3294427,707,21002,24469,6548189,46178
2021-01-03,201360,3072135,3304478,241,19492,10051,6577973,29784
2021-01-04,202602,3086957,3313911,1242,14822,9433,6603470,25497
2021-01-05,202930,3100314,3326043,328,13357,12132,6629287,25817
2021-01-06,203442,3113372,3344509,512,13058,18466,6661323,32036
2021-01-07,203876,3135508,3369657,434,22136,25148,6709041,47718
2021-01-08,204713,3159759,3398610,837,24251,28953,6763082,54041
2021-01-09,205947,3186535,3428716,1234,26776,30106,6821198,58116
2021-01-10,207177,3212988,3460759,1230,26453,32043,6880924,59726
2021-01-11,208461,3239064,3490837,1284,26076,30078,6938362,57438
2021-01-12,208785,3260354,3511945,324,21290,21108,6981084,42722
2021-01-13,209368,3279534,3533642,583,19180,21697,7022544,41460
2021-01-14,210250,3303501,3562909,882,23967,29267,7076660,54116
2021-01-15,211051,3330535,3594051,801,27034,31142,7135637,58977
2021-01-16,212175,3359142,3629519,1124,28607,35468,7200836,65199
2021-01-17,213254,3388001,3668039,1079,28859,38520,7269294,68458
2021-01-18,214524,3414797,3695646,1270,26796,27607,7324967,55673
2021-01-19,214524,3435723,3716733,0,20926,21087,7366980,42013
2021-01-20,214713,3453463,3740308,189,17740,23575,7408484,41504
2021-01-21,215329,3478335,3771748,616,24872,31440,7465412,56928
2021-01-22,216064,3505530,3806334,735,27195,34586,7527928,62516
2021-01-23,216535,3531314,3838507,471,25784,32173,7586356,58428
2021-01-24,217168,3558295,3876393,633,26981,37886,7651856,65500
2021-01-25,217963,3582726,3906396,795,24431,30003,7707085,55229
2021-01-26,218057,3604872,3927151,94,22146,20755,7750080,42995
2021-01-27,218525,3622578,3948532,468,17706,21381,7789635,39555
